p =

    9.0420
 -113.4266
  386.0000


p =

    0.3932
    1.3753
  -71.9479
  332.3333


p =

   -0.0472
    1.6195
   -9.1698
  -38.4868
  302.9015


p =

  1.0e+004 *

    0.0000
   -0.0000
    0.0001
   -0.0011
    0.0118
   -0.0840
    0.3894
   -1.1498
    2.0412
   -1.9398
    0.7578


p =

  1.0e+004 *

    0.0000
   -0.0000
   -0.0000
    0.0000
    0.0000
    0.0000
   -0.0000
   -0.0000
   -0.0000
   -0.0000
    0.0000
    0.0000
    0.0000
   -0.0000
   -0.0000
    0.0000
   -0.0000
   -0.0000
    0.0000
    0.0000
   -0.0000
    0.0000
   -0.0000
   -0.0000
    0.0000
   -0.0000
    0.0005
   -0.0137
    0.1206
   -0.5152
    1.1483
   -1.2611
    0.5462


A =

  1.0e+004 *

    0.0039    0.0567    1.0000    0.0002    0.0000
    0.0037    0.0679         0    0.0003    0.0000
    0.0030    0.0346    0.5000    0.0003    0.0000
    0.0025    0.0987    0.5000    0.0003    0.0000
    0.0025    0.1101         0    0.0004    0.0000
    0.0010    0.1004    0.5000    0.0005    0.0000
    0.0015    0.0667         0    0.0004    0.0000
    0.0005    0.0604    1.0000    0.0006    0.0000


a =

    0.6877
    0.0437
    0.0049
   29.6072
 -447.3589