3*x^2 - 16*x + 21
 

f_1_val =

   -0.6567


f_2_val =

   -0.6544


f_3_val =

   -0.6534


f_4_val =

   -0.6539


f_5_val =

   -0.6540
